COMPETITION TASKS DATA


1. TASK 1
Best Vector: 9 2 8 15 2 1 4 0 13 2 10 0 3 0 5 0 11 2 9 2 6 2 16 0 12 0 14 0 7 0 17 Best Fitness: 664.91 


2. TASK 2
Best topology: 7 3 2 6 4 0 9 8 0 6 5 6 10 0 7 0 1 
Best beta:     1.000 1.000 1.000 0.183 1.000 1.000 1.000 1.000 
Best fitness = 563.307
Best topology: 5 4 7 3 6 3 1 0 5 8 0 0 2 3 10 0 9 
Best beta:     1.000 1.000 1.000 1.000 0.183 1.000 1.000 1.000 
Best fitness = 563.307

3. TASK 3
FINAL RESULT:
Best fitness: 537.034
Best beta:    0.464606 0 0.820878 0.609673 0.277462 0.759158 0.722481 0.72505 0.33357 0.710242 0.268608 0 0.147534 0.277086 0.312155 
FINAL RESULT:
Best fitness: 537.029
Best beta:    0.434982 0 0.85611 0.670635 0.282842 0.731743 0.689224 0.772456 0.342734 0.621638 0.264549 0 0.154807 0.279832 0.327144 
